32
0 0 32 32 0 2
0 0 32 32 0 2
0 0 32 32 0 2
0 0 32 32 0 2
0 0 32 32 0 2
0 0 32 32 0 2
0 0 32 32 0 2
0 0 32 32 0 2
32 0 32 32 0 2
32 0 32 32 0 2
32 0 32 32 0 2
32 0 32 32 0 2
32 0 32 32 0 2
32 0 32 32 0 2
32 0 32 32 0 2
32 0 32 32 0 2
64 0 32 32 0 2
64 0 32 32 0 2
64 0 32 32 0 2
64 0 32 32 0 2
64 0 32 32 0 2
64 0 32 32 0 2
64 0 32 32 0 2
64 0 32 32 0 2
32 0 32 32 0 2
32 0 32 32 0 2
32 0 32 32 0 2
32 0 32 32 0 2
32 0 32 32 0 2
32 0 32 32 0 2
32 0 32 32 0 2
32 0 32 32 0 2