32
0 96 32 32 0 -2
0 96 32 32 0 -2
0 96 32 32 0 -2
0 96 32 32 0 -2
0 96 32 32 0 -2
0 96 32 32 0 -2
0 96 32 32 0 -2
0 96 32 32 0 -2
32 96 32 32 0 -2
32 96 32 32 0 -2
32 96 32 32 0 -2
32 96 32 32 0 -2
32 96 32 32 0 -2
32 96 32 32 0 -2
32 96 32 32 0 -2
32 96 32 32 0 -2
64 96 32 32 0 -2
64 96 32 32 0 -2
64 96 32 32 0 -2
64 96 32 32 0 -2
64 96 32 32 0 -2
64 96 32 32 0 -2
64 96 32 32 0 -2
64 96 32 32 0 -2
32 96 32 32 0 -2
32 96 32 32 0 -2
32 96 32 32 0 -2
32 96 32 32 0 -2
32 96 32 32 0 -2
32 96 32 32 0 -2
32 96 32 32 0 -2
32 96 32 32 0 -2