32
0 32 32 32 -2 0
0 32 32 32 -2 0
0 32 32 32 -2 0
0 32 32 32 -2 0
0 32 32 32 -2 0
0 32 32 32 -2 0
0 32 32 32 -2 0
0 32 32 32 -2 0
32 32 32 32 -2 0
32 32 32 32 -2 0
32 32 32 32 -2 0
32 32 32 32 -2 0
32 32 32 32 -2 0
32 32 32 32 -2 0
32 32 32 32 -2 0
32 32 32 32 -2 0
64 32 32 32 -2 0
64 32 32 32 -2 0
64 32 32 32 -2 0
64 32 32 32 -2 0
64 32 32 32 -2 0
64 32 32 32 -2 0
64 32 32 32 -2 0
64 32 32 32 -2 0
32 32 32 32 -2 0
32 32 32 32 -2 0
32 32 32 32 -2 0
32 32 32 32 -2 0
32 32 32 32 -2 0
32 32 32 32 -2 0
32 32 32 32 -2 0
32 32 32 32 -2 0